X2 -1.5E-07 -0.7E-07 2.3E-07 2.9E-07
X4 -2.3E-07 -1.5E-07 1.1E-07 1.6E-07
LL -5.5E-08 -1.0E-08 5.6E-07 6.5E-07
RR -6.0E-08 2.0E-08 6.0E-07 6.8E-07
VV -0.9E-07 -0.4E-07 1.1E-07 1.6E-07
AA -0.4E-07 0.5E-07 3.5E-07 4.2E-07
VA -1.5E-07 2.0E-07 8.9E-07 9.5E-07
X1 0.7E-07 1.7E-07 7.4E-07 8.8E-07
X5 -2.0E-07 -0.7E-07 2.0E-07 2.9E-07
X6 -11.5E-07 -7.5E-07 -2.8E-07 0.3E-07
X3 -1.1E-07 0.1E-07 2.4E-07 3.6E-07
LR -6.5E-07 -4.0E-07 1.8E-07 3.5E-07
RL -6.0E-07 -3.4E-07 2.4E-07 3.6E-07

AA_14p 0.4E-07 1.5E-07 4.8E-07 5.8E-07

