LL -4.1E-07 -3.0E-07 2.6E-07 3.7E-07
RR -4.5E-07 -3.6E-07 3.0E-07 3.7E-07
RL -6.5E-07 -3.5E-07 2.5E-07 5.0E-07
LR -6.0E-07 -3.0E-07 2.5E-07 4.5E-07

VV -1.4E-07 -0.8E-07 0.7E-07 1.2E-07
AA -4.0E-07 -1.7E-07 1.7E-07 4.0E-07
VA -7.7E-07 -6.7E-07 6.7E-07 7.7E-07

X1 -3.0E-07 -0.8E-07 2.1E-07 3.5E-07
X2 -2.4E-07 -1.7E-07 1.5E-07 2.2E-07
X4 -2.1E-07 -1.4E-07 1.3E-07 1.8E-07
X3 -2.1E-07 -1.4E-07 1.3E-07 1.8E-07
X5 -2.8E-07 -1.8E-07 1.4E-07 2.4E-07
X6 -5.0E-07 -3.2E-07 3.0E-07 4.5E-07

V_o -4.0E-07 -1.5E-07