set title
new  13p HERAPDF
parameters
   1    'Ag'                       0.0000        0.
   2    'Bg'                       0.027002    0.002
   3    'Cg'                       8.472597    0.1
   4    'Dg'                       0.0000        0.
   5    'Eg'                       0.0000        0.
   6    'Fg'                       0.0000        0.
   7    'Aprig'                    0.599758    0.01
   8    'Bprig'                   -0.178017    0.01
   9    'Cprig'                    25.           0.  
   11   'Auv'                      0.0000        0.
   12   'Buv'                      0.708973    0.01
   13   'Cuv'                      4.945993    0.1
   14   'Duv'                      0.000000000   0.
   15   'Euv'                     14.714827    1.
   21   'Adv'                      0.0000        0.
   22   'Bdv'                      0.830123    0.
   23   'Cdv'                      4.149709    0.1
   24   'Ddv'                      0.0000        0.
   25   'Edv'                      0.0000        0.
   31   'AUbar'                    0.0000        0.
   32   'BUbar'                    0.0000        0.
   33   'CUbar'                    8.034531    0.1
   34   'DUbar'                   11.317390    1.
   35   'EUbar'                    0.0000        0.
   41   'ADbar'                    0.178544    0.01
   42   'BDbar'                   -0.169824    0.01
   43   'CDbar'                    5.743312    0.1
   44   'DDbar'                    0.0000        0.
   45   'EDbar'                    0.0000        0.
   51   'AU'                       0.0000        0.
   52   'BU'                       0.0000        0.
   53   'CU'                       0.0000        0.
   54   'DU'                       0.0000        0.
   55   'EU'                       0.0000        0.
   61   'AD'                       0.0000        0.
   62   'BD'                       0.0000        0.
   63   'CD'                       0.0000        0.
   64   'DD'                       0.0000        0.
   65   'ED'                       0.0000        0.
   71   'Asea'                     0.0000        0.
   72   'Bsea'                     0.0000        0.
   73   'Csea'                     0.0000        0.
   74   'Dsea'                     0.0000        0.
   75   'Esea'                     0.0000        0.
   81   'Adel'                     0.0000        0.
   82   'Bdel'                     0.0000        0.
   83   'Cdel'                     0.0000        0.
   84   'Ddel'                     0.0000        0.
   85   'Edel'                     0.0000        0.



*set print 3  
*call fcn 3
migrad 200000
*hesse
set print 3

return

